1429327639
1429327354
1429326030
1429322404
1429320541
1429319934
1429313024
1429299558
1429298148
1429298110
1429298052
1429288860
1429283621
1429267897
1429265496
1429263480
1429262684
1429262603
1429262512
1429262382
1429260944
1429260422
1429259369
1429259061
1429258474
1429258270
1429258223
1429257522
1429257424
1429257049
1429256565
1429256123
1429256112
1429255750
1429255469
1429255369
1429255204
1429255049
1429254889
1429254888
1429254769
1429254607
1429254533
1429254456
1429254448
1429254164
1429254043
1429253904
1429253776
1429253675
1429253542
1429253449
1429253445
1429253259
1429252372
1429252280
1429251805
1429251293
1429251173
1429250930

